---
version: 2
money:
  thinkers: 100029630.200000
  eseeg: 0.000000
  lons: 0.000000
  thinkerscax: 0.000000
  thinkerscaxloz: 0.000000
...
